100
0,1,2,3,4,5,7,8,9,10,11,12,13,14,15,16,17,18,19,20,21,22,23,24,25,26,27,28,30,31,32,34,37,38,41,44,45,49,55,57,60,65,69,
0,2, -> 63
15,7, -> 76
76,20,69, -> 81
88, -> 94
87, -> 93
88,84,68, -> 93
0,20,21, -> 81
69, -> 93
9,35,84, -> 89
28,62, -> 95
96,36,22, -> 97
49,21,69, -> 80
1,60,52, -> 84
80,68,95, -> 99
19,1,83, -> 89
24, -> 58
10,5,70, -> 83
52, -> 56
46,70,86, -> 98
42, -> 51
57,76, -> 87
81, -> 83
61, -> 99
56,41, -> 71
96,61, -> 98
67,15, -> 92
77,31, -> 92
32,73,2, -> 99
76, -> 89
36,61, -> 76
10,67, -> 96
63, -> 86
64,50,54, -> 71
84,49,60, -> 98
75,20,7, -> 82
18,67,70, -> 76
80,89, -> 98
62,15, -> 96
74,21,23, -> 81
92,28,41, -> 93
17, -> 43
16,91,77, -> 97
35,46,78, -> 79
0, -> 86
2,10, -> 29
96,66, -> 98
51,45, -> 94
82,43, -> 90
42,19,76, -> 85
58,53,39, -> 78
48,17,63, -> 91
53,55, -> 90
36, -> 62
48,66,78, -> 87
67,75,66, -> 97
65,17, -> 80
41,66, -> 86
48,76,79, -> 93
54, -> 96
67,23, -> 99
50,93, -> 98
68,28,95, -> 98
1, -> 6
38,78, -> 86
45,46,55, -> 79
25, -> 39
66,31, -> 94
41, -> 86
84,63, -> 88
43, -> 58
25,91,14, -> 96
73,3, -> 79
0, -> 35
1,55, -> 93
98,28,37, -> 99
30, -> 52
5, -> 53
40,89, -> 97
44, -> 74
18,5,47, -> 59
0,74,36, -> 88
3,14, -> 95
72,34,93, -> 99
26,4,85, -> 94
84, -> 90
34,91,31, -> 99
73, -> 75
32,7, -> 95
22,78,55, -> 95
77,38,71, -> 81
51, -> 71
17,51,13, -> 64
17,14, -> 36
41,44, -> 47
58,77,46, -> 91
58,27,37, -> 99
29, -> 53
42, -> 72
71, -> 87
64,14, -> 81
65,12,45, -> 67
28, -> 43
85, -> 94
96,13, -> 99
90,67, -> 93
71, -> 99
10, -> 76
41,19,23, -> 73
83,92,85, -> 96
18,28, -> 48
73,76, -> 83
65,85, -> 91
72,90, -> 95
29,54,53, -> 87
31, -> 50
17, -> 95
78, -> 99
25,76, -> 79
82,91,86, -> 97
63, -> 73
44,92, -> 94
72,65,22, -> 98
78, -> 89
34, -> 90
24, -> 33
65, -> 66
69,46, -> 75
77, -> 88
32,8,26, -> 76
41,91,29, -> 94
41,54,31, -> 64
40, -> 76
24,18,75, -> 83
72,43,91, -> 92
33, -> 50
12, -> 98
81,98, -> 99
80,13,71, -> 93
18, -> 70
10,18,63, -> 67
7, -> 99
20, -> 71
1,71, -> 88
80,9, -> 83
22, -> 56
32, -> 40
1,54, -> 68
48,50, -> 54
75,68, -> 98
36,93,46, -> 96
81, -> 95
20, -> 42
74,21, -> 88
85, -> 94
98,35,26, -> 99
4,52,22, -> 94
25,60, -> 99
2,78, -> 90
21,71, -> 91
49,46,47, -> 72
42,83, -> 97
96,67, -> 98
0,44,36, -> 88
34,85, -> 88
60, -> 77
17,54,15, -> 98
25,75, -> 83
81,82, -> 96
10,62, -> 89
66,34, -> 86
34,69, -> 81
96,86, -> 99
58,45,61, -> 75
25,20, -> 95
80,62,71, -> 93
72,86, -> 91
27,23, -> 68
64,67, -> 70
62, -> 71
17,59, -> 64
27, -> 52
51,12, -> 61
59,5,22, -> 70
88,87, -> 94
81,37,53, -> 88
34,86, -> 87
80,48,50, -> 90
76,14, -> 96
17,58,55, -> 76
74, -> 88
56,65,75, -> 80
81,44, -> 92
80, -> 88
58,21, -> 95
19, -> 80
58,68,18, -> 90
9,34,26, -> 63
40,85, -> 90
27, -> 56
18,29, -> 46
